% latex table generated in R 4.1.2 by xtable 1.8-4 package
% Mon Mar 28 14:55:18 2022
\begin{table}[ht]
\centering
\begin{tabular}{rrrrrrrrrrr}
  \toprule
 & ECI & GDPpc & growth & global & pop & hc & linst & pinst & einst & oil \\ 
  \midrule
ECI & 1.00 & 0.78 & 0.05 & 0.67 & -0.65 & 0.77 & 0.79 & 0.80 & 0.77 & -0.33 \\ 
  GDPpc & 0.78 & 1.00 & 0.01 & 0.77 & -0.58 & 0.86 & 0.82 & 0.82 & 0.84 & 0.01 \\ 
  growth & 0.05 & 0.01 & 1.00 & 0.09 & -0.25 & 0.16 & 0.01 & -0.01 & 0.08 & 0.07 \\ 
  global & 0.67 & 0.77 & 0.09 & 1.00 & -0.43 & 0.75 & 0.78 & 0.76 & 0.87 & -0.08 \\ 
  pop & -0.65 & -0.58 & -0.25 & -0.43 & 1.00 & -0.67 & -0.58 & -0.62 & -0.52 & 0.27 \\ 
  hc & 0.77 & 0.86 & 0.16 & 0.75 & -0.67 & 1.00 & 0.84 & 0.85 & 0.83 & -0.15 \\ 
  linst & 0.79 & 0.82 & 0.01 & 0.78 & -0.58 & 0.84 & 1.00 & 0.97 & 0.90 & -0.29 \\ 
  pinst & 0.80 & 0.82 & -0.01 & 0.76 & -0.62 & 0.85 & 0.97 & 1.00 & 0.90 & -0.32 \\ 
  einst & 0.77 & 0.84 & 0.08 & 0.87 & -0.52 & 0.83 & 0.90 & 0.90 & 1.00 & -0.27 \\ 
  oil & -0.33 & 0.01 & 0.07 & -0.08 & 0.27 & -0.15 & -0.29 & -0.32 & -0.27 & 1.00 \\ 
   \bottomrule
\end{tabular}
\end{table}
